;Exported from YagiCAD title DL6WU 22 ELEMENT LONG YAGI
;YagiCAD last saved 07/04/2019
;Original Source  DL6WU IN VHF COMMS
;All Dimensions in Metres  
 +00.00000 -00.05184 +00.00000 +00.00000 +00.05184 +00.00000 +0.002000 0021
 +00.04868 -00.05080 +00.00000 +00.04868 +00.05080 +00.00000 +0.002000 0021
 +00.06541 -00.04486 +00.00000 +00.06541 +00.04486 +00.00000 +0.002000 0021
 +00.10344 -00.04434 +00.00000 +00.10344 +00.04434 +00.00000 +0.002000 0021
 +00.14907 -00.04382 +00.00000 +00.14907 +00.04382 +00.00000 +0.002000 0021
 +00.20231 -00.04330 +00.00000 +00.20231 +00.04330 +00.00000 +0.002000 0021
 +00.26163 -00.04279 +00.00000 +00.26163 +00.04279 +00.00000 +0.002000 0021
 +00.32552 -00.04227 +00.00000 +00.32552 +00.04227 +00.00000 +0.002000 0021
 +00.39245 -00.04176 +00.00000 +00.39245 +00.04176 +00.00000 +0.002000 0021
 +00.46242 -00.04141 +00.00000 +00.46242 +00.04141 +00.00000 +0.002000 0021
 +00.53544 -00.04107 +00.00000 +00.53544 +00.04107 +00.00000 +0.002000 0021
 +00.61149 -00.04073 +00.00000 +00.61149 +00.04073 +00.00000 +0.002000 0021
 +00.69059 -00.04056 +00.00000 +00.69059 +00.04056 +00.00000 +0.002000 0021
 +00.77121 -00.04039 +00.00000 +00.77121 +00.04039 +00.00000 +0.002000 0021
 +00.85335 -00.04022 +00.00000 +00.85335 +00.04022 +00.00000 +0.002000 0021
 +00.93701 -00.04005 +00.00000 +00.93701 +00.04005 +00.00000 +0.002000 0021
;Driven element is element no. 001
;Which is wire no. 002
